Cost:0
Nodes: {"0" "1" "2" "3" "4" "5"}
Arcs: {<"0" "3" 15 0> <"3" "0" 15 0> <"0" "4" 15 0>
     <"4" "0" 15 0> <"0" "2" 15 0> <"2" "0" 15 0>
     <"0" "1" 15 205> <"1" "0" 15 205> <"0" "5" 15 182>
     <"5" "0" 15 182> <"1" "5" 15 0> <"5" "1" 15 0>
     <"1" "3" 15 0> <"3" "1" 15 0> <"1" "2" 15 0>
     <"2" "1" 15 0> <"1" "4" 15 0> <"4" "1" 15 0>
     <"2" "5" 15 0> <"5" "2" 15 0> <"2" "3" 15 0>
     <"3" "2" 15 0> <"2" "4" 15 0> <"4" "2" 15 0>
     <"3" "5" 15 0> <"5" "3" 15 0> <"3" "4" 15 0>
     <"4" "3" 15 0> <"4" "5" 15 512> <"5" "4" 15 512>}
Demands: {<"0" "1" 2 1> <"0" "2" 4 0> <"0" "3" 6 0> <"0" "4" 8 0>
     <"0" "5" 10 0> <"1" "0" 2 0> <"1" "2" 2 0>
     <"1" "3" 4 0> <"1" "4" 6 0> <"1" "5" 8 0>
     <"2" "0" 4 0> <"2" "1" 2 0> <"2" "3" 2 0>
     <"2" "4" 4 0> <"2" "5" 6 1> <"3" "0" 6 0>
     <"3" "1" 4 0> <"3" "2" 2 0> <"3" "4" 2 0>
     <"3" "5" 4 0> <"4" "0" 8 1> <"4" "1" 6 0>
     <"4" "2" 4 0> <"4" "3" 2 1> <"4" "5" 2 0>
     <"5" "0" 10 0> <"5" "1" 8 0> <"5" "2" 6 0>
     <"5" "3" 4 0> <"5" "4" 2 0>}
xed: [[0 0 0 0 1 0 0 0 0 0 0 0 1 0 0 0 0 0 0 0 0 0 0 0 0 0 0 0 0 0]
         [0 0 0 0 0 0 0 0 0 0 0 0 0 0 0 0 0 0 1 0 0 0 0 0 0 1 0 0 0 0]
         [0 0 0 1 0 0 0 0 0 0 0 0 0 0 0 0 0 0 1 0 0 0 0 0 0 0 0 0 0 0]
         [0 0 0 0 0 1 0 0 0 0 0 0 0 0 0 1 0 0 0 0 0 0 0 0 0 0 0 0 0 0]
         [1 1 1 0 0 0 0 0 0 0 0 0 0 0 0 0 0 0 0 0 0 0 0 0 0 0 0 0 0 0]
         [0 0 0 0 0 0 0 0 0 0 1 0 1 0 0 0 0 0 0 0 1 0 0 0 0 0 0 0 0 0]
         [0 0 0 0 0 0 0 0 0 0 0 0 0 0 0 0 0 0 0 0 0 0 0 0 0 0 0 0 0 0]
         [0 0 0 0 0 0 0 0 0 0 0 0 0 0 0 0 0 0 0 0 0 0 0 0 0 0 0 0 0 0]
         [0 0 0 0 0 0 0 0 0 0 0 0 0 0 0 0 0 0 0 0 0 0 0 0 0 0 0 0 0 0]
         [0 0 0 0 0 0 0 0 0 0 0 0 0 0 0 0 0 0 0 0 0 0 0 0 0 0 0 0 0 0]
         [0 0 0 0 0 0 0 0 0 1 0 0 0 0 0 0 0 0 0 1 0 0 0 0 0 0 0 0 0 0]
         [0 0 0 0 0 0 0 0 0 0 0 0 0 0 0 0 0 0 0 0 0 0 0 0 0 0 1 1 0 0]
         [0 0 0 0 0 0 1 1 0 0 0 0 0 0 0 0 0 0 0 0 0 0 0 0 0 0 0 0 0 0]
         [0 0 0 0 0 0 0 0 0 0 0 0 0 0 0 0 1 0 0 0 1 0 0 0 0 0 0 0 0 0]
         [0 0 0 0 0 1 0 0 0 0 0 0 0 0 0 0 0 0 0 0 1 0 0 0 0 0 0 0 0 0]
         [1 0 0 0 0 0 0 0 0 0 0 1 0 0 0 0 0 0 0 0 0 0 0 0 0 0 0 0 0 0]
         [0 0 0 0 0 0 0 0 1 0 0 0 0 0 0 0 0 0 0 0 0 0 0 0 0 0 0 1 0 0]
         [0 0 0 0 0 0 0 0 0 0 0 0 0 0 0 0 0 0 0 1 0 1 0 0 0 0 0 0 0 0]
         [0 0 0 0 0 0 0 0 0 0 0 0 1 1 1 0 0 0 0 0 0 0 0 0 0 0 0 0 0 0]
         [0 0 0 0 0 0 0 0 0 0 0 0 1 0 0 0 0 1 0 0 0 0 0 0 0 0 0 0 1 1]
         [0 0 1 0 0 0 0 0 0 0 0 0 0 0 0 0 0 0 0 0 0 0 0 0 0 0 0 0 1 0]
         [0 0 0 0 0 0 1 0 0 0 0 0 0 0 0 0 0 0 0 0 0 0 0 0 0 0 0 0 0 0]
         [0 0 0 0 0 1 0 0 0 0 0 0 0 0 0 0 0 0 0 0 0 0 0 0 0 0 0 0 0 1]
         [0 0 0 0 0 0 0 0 0 0 0 0 0 0 0 0 0 0 0 0 0 0 1 0 0 0 0 1 0 0]
         [0 0 0 0 1 0 0 0 0 0 0 0 0 0 0 0 0 1 0 0 0 0 0 0 1 0 0 0 0 0]
         [0 0 0 0 0 0 0 0 0 0 0 0 0 1 0 0 0 0 0 0 0 0 0 0 0 1 0 0 0 0]
         [0 0 0 0 0 0 0 0 0 0 0 0 0 1 0 1 0 0 0 1 0 0 0 0 0 0 0 0 0 0]
         [0 0 0 0 0 0 0 0 0 0 0 0 0 0 0 0 0 0 0 0 1 0 0 1 1 0 0 0 0 0]
         [0 0 0 0 0 0 0 0 0 0 0 0 0 0 0 0 0 0 0 0 0 0 0 0 0 0 0 0 0 0]
         [0 0 0 0 0 0 0 0 0 0 0 0 0 0 0 0 0 0 0 0 0 0 0 0 0 0 0 0 0 0]]
ye: [12 12 10 8 12 14 0 0 0 0 12 14 6 12 10 4 12 10 12 10 10 2 4 10 14 14 14 12
     0 0]
ue: [1 1 1 1 1 1 0 0 0 0 1 1 1 1 1 1 1 1 1 1 1 1 1 1 1 1 1 1 0 0]
