Cost:0
Nodes: {"0" "1" "2" "3" "4" "5"}
Arcs: {<"0" "3" 20 0> <"3" "0" 20 0> <"0" "4" 20 0>
     <"4" "0" 20 0> <"0" "2" 20 0> <"2" "0" 20 0>
     <"0" "1" 20 205> <"1" "0" 20 205> <"0" "5" 20 182>
     <"5" "0" 20 182> <"1" "5" 20 0> <"5" "1" 20 0>
     <"1" "3" 20 0> <"3" "1" 20 0> <"1" "2" 20 0>
     <"2" "1" 20 0> <"1" "4" 20 0> <"4" "1" 20 0>
     <"2" "5" 20 0> <"5" "2" 20 0> <"2" "3" 20 0>
     <"3" "2" 20 0> <"2" "4" 20 0> <"4" "2" 20 0>
     <"3" "5" 20 0> <"5" "3" 20 0> <"3" "4" 20 0>
     <"4" "3" 20 0> <"4" "5" 20 512> <"5" "4" 20 512>}
Demands: {<"0" "1" 2 1> <"0" "2" 4 0> <"0" "3" 6 0> <"0" "4" 8 0>
     <"0" "5" 10 0> <"1" "0" 2 0> <"1" "2" 2 0>
     <"1" "3" 4 0> <"1" "4" 6 0> <"1" "5" 8 0>
     <"2" "0" 4 0> <"2" "1" 2 0> <"2" "3" 2 0>
     <"2" "4" 4 0> <"2" "5" 6 1> <"3" "0" 6 0>
     <"3" "1" 4 0> <"3" "2" 2 0> <"3" "4" 2 0>
     <"3" "5" 4 0> <"4" "0" 8 1> <"4" "1" 6 0>
     <"4" "2" 4 0> <"4" "3" 2 1> <"4" "5" 2 0>
     <"5" "0" 10 0> <"5" "1" 8 0> <"5" "2" 6 0>
     <"5" "3" 4 0> <"5" "4" 2 0>}
xed: [[0 0 0 0 1 0 0 0 0 0 0 0 1 0 0 0 0 0 0 0 0 0 0 0 0 0 0 0 0 0]
         [0 0 0 0 0 0 0 0 0 0 0 0 0 0 0 1 0 0 1 0 0 0 0 0 0 1 0 0 0 0]
         [0 0 0 1 0 0 0 0 0 0 0 0 0 0 0 0 0 0 1 0 0 0 0 0 0 0 0 0 0 0]
         [0 0 0 0 0 1 0 0 0 0 0 0 1 0 0 0 0 0 0 0 0 0 0 0 0 0 0 0 0 0]
         [1 1 1 0 0 0 0 0 0 0 0 0 0 0 0 0 0 0 0 0 0 0 0 0 0 0 0 0 0 0]
         [0 0 0 0 0 0 0 0 0 0 1 0 0 0 0 0 0 0 0 0 1 0 0 0 0 0 0 0 0 0]
         [0 0 0 0 0 0 0 0 0 0 0 0 0 0 0 0 0 0 0 0 0 0 0 0 0 0 0 0 0 0]
         [0 0 0 0 0 0 0 0 0 0 0 0 0 0 0 0 0 0 0 0 0 0 0 0 0 0 0 0 0 0]
         [0 0 0 0 0 0 0 0 0 0 0 0 0 0 0 0 0 0 0 0 0 0 0 0 0 0 0 0 0 0]
         [0 0 0 0 0 0 0 0 0 0 0 0 0 0 0 0 0 0 0 0 0 0 0 0 0 0 0 0 0 0]
         [0 0 0 0 0 0 0 0 0 1 0 0 0 0 0 0 0 0 0 1 0 0 1 0 1 0 0 0 0 0]
         [0 0 0 0 0 0 0 0 0 0 0 0 0 0 0 0 0 1 0 0 0 0 1 0 0 0 1 0 0 0]
         [0 0 0 0 0 0 0 1 0 0 0 0 0 0 0 0 0 0 0 0 1 0 0 0 0 0 0 0 0 0]
         [0 0 0 0 0 0 0 0 0 0 0 0 0 0 0 0 1 0 0 0 1 0 1 0 1 0 0 0 0 0]
         [0 0 0 0 0 0 1 0 1 0 0 0 0 0 0 0 0 1 0 0 1 0 0 0 0 0 0 0 0 0]
         [1 0 0 0 0 0 0 0 0 0 0 1 0 0 0 0 0 0 0 0 1 0 0 0 0 0 0 0 0 0]
         [0 0 0 0 0 1 0 0 0 0 0 0 0 0 0 0 0 0 0 0 0 0 1 0 0 0 0 0 0 0]
         [0 0 0 0 0 0 0 0 0 0 0 0 0 0 0 0 0 0 0 1 0 1 0 0 0 0 0 0 0 0]
         [0 0 0 0 0 0 0 0 0 0 0 1 1 1 1 0 0 1 1 0 0 0 0 0 0 0 0 0 0 0]
         [0 0 0 0 0 0 0 0 0 0 0 1 1 0 0 0 0 1 1 0 0 0 0 0 0 0 0 1 1 1]
         [0 0 1 0 0 0 0 0 0 0 0 0 0 0 0 0 0 0 0 0 0 0 0 0 0 0 0 0 1 0]
         [0 0 0 0 0 0 0 0 0 0 0 0 0 0 0 0 0 0 0 0 1 0 0 0 0 0 0 0 0 0]
         [0 0 0 0 0 0 0 0 1 0 0 0 1 0 0 0 0 0 0 0 0 0 0 0 0 0 0 0 0 1]
         [0 0 0 0 0 0 0 0 0 0 0 0 0 0 0 0 0 0 0 0 0 0 1 0 0 0 0 0 0 0]
         [0 0 0 0 1 0 0 1 0 0 0 0 0 0 0 0 0 1 1 0 0 0 0 0 0 0 0 0 0 0]
         [0 0 0 0 0 0 0 1 0 0 0 0 0 1 0 0 0 0 1 0 0 0 0 0 0 1 0 0 0 0]
         [0 0 0 0 0 0 0 0 0 0 0 0 0 1 0 0 0 0 0 1 0 0 0 0 0 0 0 0 0 0]
         [0 0 0 0 0 0 0 0 0 0 0 0 0 0 0 0 0 0 0 0 1 0 1 1 1 0 0 0 0 0]
         [0 0 0 0 0 0 0 0 0 0 0 0 0 0 0 0 0 0 0 0 0 0 0 0 0 0 0 0 0 0]
         [0 0 0 0 0 0 0 0 0 0 0 0 0 0 0 0 0 0 0 0 0 0 0 0 0 0 0 0 0 0]]
ye: [12 18 10 4 12 12 0 0 0 0 18 14 12 18 18 12 6 10 18 20 10 8 10 4 18 20 8 16
     0 0]
ue: [1 1 1 1 1 1 0 0 0 0 1 1 1 1 1 1 1 1 1 1 1 1 1 1 1 1 1 1 0 0]
